0
2
5
12
14
21
23
24
27
29
34
39
49
52
53
54
61
62
64
70
75
87
91
96
97
103
104
106
107
111
113
116
119
121
128
129
131
133
136
138
144
153
155
156
158
168
176
180
181
185
192
201
207
208
211
218
219
222
224
228
234
235
237
242
243
244
248
250
251
252
257
261
265
266
267
272
285
286
296
301
302
304
311
312
319
324
327
339
340
341
342
355
359
361
366
369
373
376
383
391
393
396
402
405
409
415
417
420
423
425
431
432
436
438
439
440
441
444
453
455
460
468
475
477
483
484
485
490
491
500
501
502
503
505
514
515
522
531
539
549
554
556
558
560
562
567
571
579
580
583
585
591
592
601
604
609
610
613
616
618
622
623
626
628
640
641
652
671
678
681
685
687
696
697
698
702
706
707
710
716
723
732
743
747
758
760
762
765
766
769
773
781
787
789
793
798
799
804
812
815
818
819
827
835
837
842
843
845
850
862
864
873
879
883
887
897
904
909
919
920
935
942
946
947
954
958
959
964
966
970
971
972
976
978
980
982
991
992
999
1000
1004
1006
1010
1013
1018
1026
1027
1029
1030
1039
1042
1054
1072
1076
1081
1084
1085
1086
1099
1105
1106
1111
1113
1120
1130
1134
1135
1138
1146
1150
1151
1153
1157
1162
1165
1167
1168
1174
1176
1177
1181
1186
1193
1196
1201
1211
1212
1214
1219
1222
1223
1225
1228
1236
1252
1254
1257
1263
1264
1268
1279
1282
1292
1301
1314
1319
1322
1331
1336
1337
1340
1348
1352
1360
1363
1366
1367
1369
1376
1383
1386
1387
1388
1390
1392
1393
1394
1407
1414
1417
1423
1429
1431
1435
1436
1438
1440
1441
1446
1456
1461
1463
1465
1469
1471
1472
1476
1481
1484
1491
1493
1499
1503
1510
1513
1521
1522
1527
1530
1536
1544
1545
1548
1554
1558
1559
1568
1571
1573
1576
1578
1582
1583
1586
1587
1590
1597
1599
1606
1608
1610
1619
1621
1626
1631
1632
1636
1637
1638
1642
1655
1662
1664
1670
1672
1677
1680
1682
1685
1686
1688
1689
1693
1699
1705
1711
1714
1716
1720
1725
1726
1728
1733
1736
1739
1740
1741
1744
1749
1750
1753
1754
1757
1758
1763
1774
1779
1790
1791
1793
1800
1817
1821
1824
1831
1833
1838
1839
1842
1845
1854
1858
1860
1863
1864
1865
1867
1878
1880
1882
1889
1893
1895
1898
1901
1904
1905
1908
1909
1911
1918
1927
1931
1938
1941
1944
1946
1953
1955
1961
1968
1987
1988
1990
1992
1994
2002
2005
2009
2018
2019
2022
2028
2039
2042
2047
2049
2058
2060
2064
2065
2066
2067
2069
2082
2083
2088
2097
2101
2106
2111
2113
2116
2117
2120
2121
2122
2124
2126
2134
2137
2141
2144
2149
2155
2156
2158
2171
2172
2177
2178
2180
2181
2184
2187
2188
2196
2200
2203
2205
2211
2223
2226
2227
2230
2233
2239
2240
2241
2242
2243
2249
2250
2251
2252
2254
2256
2261
2262
2266
2269
2271
2291
2294
2298
2302
2315
2319
2322
2324
2330
2336
2342
2346
2354
2355
2357
2366
2367
2386
2388
2396
2401
2411
2413
2414
2415
2416
2421
2431
2439
2443
2447
2455
2456
2458
2462
2463
2465
2467
2474
2476
2484
2487
2489
2490
2496
2497
2508
2513
2517
2518
2521
2536
2537
2543
2544
2550
2551
2559
2567
2569
2573
2575
2577
2591
2594
2595
2596
2597
2600
2604
2616
2618
2621
2630
2632
2634
2646
2647
2660
2661
2665
2667
2670
2679
2681
2686
2687
2701
2716
2721
2722
2724
2727
2734
2742
2744
2745
2749
2751
2752
2759
2761
2762
2775
2777
2779
2785
2786
2791
2794
2795
2801
2802
2805
2810
2815
2825
2827
2829
2830
2835
2836
2841
2843
2849
2856
2857
2872
2880
2881
2884
2887
2891
2892
2896
2909
2914
2915
2918
2919
2923
2925
2933
2934
2935
2945
2946
2966
2967
2975
2980
2983
2984
2996
2998
2999
3002
3004
3006
3007
3010
3021
3027
3030
3036
3038
3048
3051
3055
3062
3064
3070
3075
3076
3079
3088
3092
3097
3100
3103
3108
3117
3120
3123
3125
3127
3140
3141
3142
3144
3145
3148
3155
3159
3167
3177
3180
3187
3188
3192
3201
3202
3212
3215
3219
3220
3223
3224
3234
3238
3239
3245
3248
3250
3264
3267
3268
3269
3270
3273
3275
3276
3284
3286
3287
3292
3293
3299
3303
3304
3309
3316
3318
3325
3333
3334
3336
3347
3348
3358
3359
3367
3370
3406
3408
3415
3437
3441
3450
3451
3454
3459
3472
3477
3478
3480
3483
3484
3492
3493
3497
3499
3511
3513
3516
3519
3520
3521
3529
3532
3534
3535
3536
3540
3542
3547
3549
3557
3569
3572
3573
3593
3598
3601
3606
3615
3617
3622
3623
3626
3628
3630
3632
3633
3636
3638
3642
3649
3651
3658
3662
3666
3670
3676
3677
3682
3683
3684
3686
3692
3693
3702
3706
3707
3709
3717
3720
3722
3723
3731
3740
3743
3744
3759
3760
3761
3765
3766
3769
3785
3791
3797
3801
3804
3811
3815
3817
3822
3826
3832
3833
3837
3839
3846
3847
3850
3855
3856
3869
3877
3881
3882
3889
3900
3902
3907
3917
3922
3924
3925
3928
3930
3938
3940
3942
3943
3945
3948
3959
3961
3972
3973
3986
3988
3996
3998
4000
4001
4005
4007
4008
4012
4013
4014
4016
4017
4023
4024
4027
4029
4034
4042
4049
4051
4059
4068
4070
4071
4074
4076
4077
4082
4083
4086
4091
4101
4104
4106
4109
4118
4126
4132
4137
4139
4144
4150
4151
4152
4153
4154
4162
4170
4173
4182
4183
4184
4194
4197
4199
4206
4210
4215
4217
4218
4219
4222
4229
4232
4236
4238
4241
4242
4252
4263
4271
4273
4278
4279
4280
4283
4285
4302
4313
4318
4327
4335
4338
4346
4347
4351
4352
4353
4356
4359
4361
4372
4374
4386
4390
4396
4400
4403
4406
4407
4414
4415
4420
4421
4423
4440
4443
4447
4448
4450
4452
4456
4459
4460
4466
4477
4478
4483
4488
4491
4493
4501
4502
4507
4509
4511
4512
4516
4519
4522
4525
4534
4537
4540
4543
4549
4554
4555
4565
4569
4570
4575
4581
4582
4590
4592
4597
4604
4609
4620
4621
4640
4641
4643
4644
4650
4651
4659
4662
4663
4666
4676
4680
4683
4684
4690
4692
4693
4699
4702
4718
4727
4731
4735
4740
4741
4763
4765
4773
4779
4783
4793
4794
4796
4797
4800
4804
4813
4814
4816
4817
4820
4823
4824
4826
4830
4832
4836
4848
4849
4851
4852
4853
4855
4857
4859
4874
4879
4884
4886
4897
4901
4921
4929
4934
4939
4940
4941
4945
4948
4949
4953
4959
4960
4964
4965
4968
4970
4974
4976
4977
4979
4985
4992
4993
4994
5000
5002
5003
5005
5008
5028
5035
5040
5047
5053
5056
5059
5079
5086
5088
5090
5094
5098
5100
5106
5120
5122
5124
5135
5138
5146
5150
5157
5161
5165
5169
5172
5180
5182
5192
5196
5206
5208
5210
5232
5233
5245
5249
5260
5262
5264
5265
5269
5270
5271
5277
5279
5280
5285
5293
5295
5296
5303
5305
5311
5324
5326
5327
5331
5334
5337
5345
5346
5349
5350
5354
5357
5359
5386
5388
5398
5399
5412
5414
5418
5419
5422
5427
5428
5431
5435
5445
5456
5459
5461
5468
5471
5473
5481
5490
5495
5497
5512
5517
5519
5520
5526
5534
5542
5546
5547
5548
5552
5553
5556
5560
5564
5574
5575
5578
5583
5585
5597
5598
5599
5608
5611
5612
5619
5626
5627
5631
5632
5633
5634
5639
5641
5645
5646
5654
5655
5656
5657
5661
5673
5678
5680
5687
5699
5708
5709
5710
5713
5714
5722
5724
5727
5731
5732
5736
5738
5742
5747
5749
5750
5755
5758
5764
5765
5766
5775
5777
5787
5796
5810
5818
5822
5826
5839
5841
5845
5848
5852
5856
5857
5858
5860
5883
5888
5892
5895
5903
5905
5907
5908
5919
5921
5933
5934
5939
5941
5943
5945
5946
5948
5960
5962
5964
5967
5969
5971
5974
5975
5978
5983
5990
5998
6003
6005
6015
6017
6022
6030
6031
6040
6054
6062
6067
6070
6078
6081
6083
6090
6095
6098
6102
6105
6107
6114
6117
6118
6121
6123
6128
6134
6137
6141
6142
6144
6146
6147
6154
6156
6162
6163
6170
6175
6182
6193
6194
6196
6197
6198
6201
6210
6211
6217
6219
6229
6231
6241
6251
6252
6260
6263
6270
6282
6289
6293
6296
6298
6299
6307
6321
6323
6329
6335
6343
6350
6351
6352
6358
6360
6362
6365
6390
6399
6400
6406
6413
6414
6415
6418
6419
6422
6432
6436
6440
6443
6449
6450
6455
6457
6458
6460
6463
6465
6467
6471
6473
6477
6480
6482
6483
6484
6489
6492
6494
6495
6498
6499
6513
6514
6519
6522
6525
6531
6532
6533
6536
6542
6544
6545
6548
6552
6553
6555
6556
6558
6559
6563
6565
6568
6573
6575
6577
6579
6580
6582
6586
6591
6593
6594
6603
6606
6608
6609
6617
6621
6623
6628
6633
6634
6641
6646
6650
6651
6652
6653
6655
6658
6664
6667
6668
6671
6676
6683
6684
6687
6689
6690
6696
6699
6703
6704
6711
6716
6719
6725
6726
6729
6731
6735
6736
6739
6742
6745
6747
6750
6751
6752
6755
6756
6757
6764
6776
6778
6785
6791
6798
6799
6805
6814
6824
6827
6829
6834
6840
6843
6861
6883
6884
6886
6892
6893
6894
6900
6905
6908
6912
6914
6921
6925
6926
6927
6934
6935
6946
6955
6958
6960
6961
6967
6970
6971
6973
6980
6981
6990
6992
7003
7006
7009
7019
7021
7025
7026
7028
7030
7043
7048
7050
7052
7057
7058
7061
7065
7067
7068
7069
7071
7072
7077
7079
7093
7094
7096
7099
7101
7106
7115
7121
7122
7126
7129
7136
7148
7150
7153
7160
7162
7173
7174
7189
7192
7197
7204
7205
7206
7212
7220
7221
7223
7227
7228
7234
7240
7241
7244
7265
7269
7272
7273
7275
7276
7282
7291
7297
7298
7305
7308
7315
7316
7323
7324
7326
7331
7335
7342
7343
7344
7345
7346
7348
7351
7354
7362
7367
7372
7379
7382
7383
7393
7394
7396
7401
7403
7407
7413
7414
7416
7427
7434
7438
7455
7457
7458
7462
7466
7467
7476
7478
7486
7489
7490
7492
7494
7496
7508
7527
7529
7530
7531
7532
7535
7541
7542
7543
7549
7552
7554
7556
7557
7570
7577
7579
7582
7584
7594
7603
7609
7612
7618
7619
7623
7625
7640
7644
7646
7647
7655
7659
7666
7669
7672
7675
7678
7679
7683
7684
7689
7696
7697
7698
7699
7706
7712
7715
7717
7720
7721
7725
7726
7731
7733
7734
7736
7738
7741
7742
7744
7745
7746
7760
7761
7764
7765
7766
7768
7769
7771
7775
7776
7779
7781
7784
7787
7788
7791
7807
7809
7813
7816
7822
7823
7824
7840
7841
7842
7849
7852
7853
7854
7857
7861
7870
7872
7874
7875
7886
7890
7895
7899
7901
7903
7906
7911
7912
7914
7915
7922
7932
7934
7935
7937
7940
7942
7944
7952
7955
7960
7962
7964
7966
7978
7983
7985
7991
7993
7994
7996
7998
7999
8003
8008
8015
8017
8018
8019
8021
8022
8024
8025
8028
8032
8033
8035
8041
8047
8048
8050
8053
8059
8062
8066
8074
8079
8087
8091
8099
8105
8115
8116
8117
8124
8125
8129
8132
8133
8142
8145
8146
8147
8158
8163
8164
8168
8170
8172
8175
8178
8182
8185
8187
8188
8193
8194
8198
8207
8209
8218
8219
8238
8246
8248
8249
8256
8257
8267
8268
8276
8289
8290
8297
8300
8312
8317
8320
8328
8333
8338
8353
8357
8358
8366
8369
8380
8383
8387
8396
8403
8406
8407
8411
8418
8419
8422
8436
8439
8442
8445
8448
8450
8451
8464
8465
8472
8474
8484
8486
8487
8491
8499
8512
8516
8520
8525
8530
8535
8537
8541
8542
8544
8545
8548
8549
8550
8553
8556
8560
8563
8565
8572
8576
8577
8588
8592
8598
8603
8605
8609
8610
8619
8628
8631
8647
8649
8651
8652
8660
8664
8666
8668
8671
8674
8676
8678
8679
8680
8686
8687
8693
8694
8704
8708
8726
8729
8730
8733
8735
8740
8744
8749
8751
8752
8754
8755
8758
8761
8772
8777
8782
8795
8809
8812
8814
8817
8828
8841
8852
8853
8859
8863
8864
8872
8877
8882
8883
8886
8892
8899
8900
8912
8924
8930
8933
8939
8940
8946
8947
8950
8951
8962
8965
8975
8978
8980
8982
8984
8985
8987
8988
8993
8994
8995
8998
9004
9005
9011
9012
9020
9030
9040
9045
9049
9055
9061
9071
9074
9075
9076
9078
9083
9086
9087
9088
9089
9092
9099
9104
9106
9107
9115
9119
9125
9131
9135
9137
9142
9145
9150
9152
9153
9161
9163
9168
9184
9185
9192
9196
9205
9207
9208
9215
9216
9219
9220
9221
9223
9225
9228
9232
9236
9241
9254
9256
9258
9265
9270
9271
9278
9280
9283
9284
9290
9296
9301
9305
9306
9309
9311
9322
9323
9324
9334
9335
9340
9341
9343
9348
9353
9356
9357
9360
9364
9369
9371
9376
9378
9381
9388
9389
9390
9391
9394
9396
9405
9411
9412
9414
9421
9423
9427
9429
9430
9432
9433
9437
9444
9445
9447
9448
9452
9454
9455
9456
9457
9459
9461
9475
9476
9477
9479
9480
9481
9482
9486
9490
9492
9495
9502
9505
9510
9513
9515
9517
9520
9522
9524
9527
9528
9534
9536
9537
9547
9557
9565
9566
9567
9571
9573
9574
9575
9577
9590
9593
9603
9605
9609
9610
9619
9621
9623
9625
9627
9632
9633
9636
9639
9640
9646
9648
9650
9652
9653
9657
9669
9674
9684
9691
9692
9698
9701
9705
9715
9716
9722
9723
9728
9730
9733
9736
9741
9747
9759
9760
9765
9776
9780
9784
9792
9796
9798
9799
9818
9822
9823
9824
9837
9840
9844
9862
9863
9875
9882
9892
9895
9897
9898
9908
9921
9923
9927
9928
9932
9941
9944
9951
9960
9962
9964
9966
9970
9976
9978
9983
9984
9985
9988
9989
9993
9995
9997
