22
25
57
78
92
99
112
209
232
287
314
356
365
400
428
448
488
497
506
512
516
551
559
581
715
733
751
764
848
880
889
896
908
932
936
974
1036
1074
1088
1187
1215
1227
1273
1275
1280
1289
1312
1385
1470
1478
1501
1539
1628
1661
1712
1840
1861
1877
1900
1924
1962
1973
1984
2025
2055
2063
2085
2091
2263
2267
2270
2273
2292
2296
2325
2379
2422
2428
2472
2488
2504
2666
2704
2717
2770
2804
2808
2817
2838
2861
2883
2886
2971
2994
3061
3156
3170
3235
3256
3259
3329
3361
3385
3401
3403
3453
3495
3510
3538
3555
3559
3565
3568
3612
3665
3704
3721
3732
3845
3851
3901
3955
3960
3966
3975
4036
4089
4141
4156
4181
4247
4251
4254
4348
4371
4384
4428
4472
4600
4611
4657
4665
4700
4737
4753
4799
4803
4899
4952
4956
4986
4988
5062
5067
5084
5087
5093
5108
5125
5127
5129
5152
5164
5174
5177
5217
5240
5254
5328
5390
5423
5448
5557
5589
5615
5638
5650
5651
5653
5717
5723
5831
5884
5887
5893
5904
6073
6084
6165
6215
6310
6341
6359
6361
6429
6549
6561
6635
6662
6674
6685
6692
6760
6761
6765
6860
6866
6870
6941
6966
7063
7107
7140
7146
7159
7163
7186
7190
7201
7266
7295
7299
7352
7402
7433
7453
7454
7502
7511
7536
7558
7614
7628
7657
7663
7685
7700
7708
7728
7812
7884
7910
7949
8010
8016
8031
8054
8097
8152
8162
8236
8291
8296
8315
8344
8367
8394
8470
8515
8573
8716
8756
8802
8903
8910
8937
9014
9050
9128
9143
9188
9229
9255
9292
9315
9326
9387
9420
9467
9570
9598
9615
9634
9649
9729
9745
9769
9775
9835
9852
9861
9934
