6
9
11
26
30
33
36
44
45
60
66
68
74
76
79
81
85
88
101
110
117
124
126
135
139
140
141
150
159
160
161
165
166
174
186
189
191
197
202
214
215
230
240
245
249
253
258
259
271
275
278
281
290
298
299
300
303
313
315
317
320
322
325
331
334
345
346
358
375
382
384
386
398
411
414
418
424
427
430
445
449
450
451
452
454
456
457
462
464
465
473
474
476
481
486
487
498
520
521
523
526
544
555
576
578
589
590
593
594
598
605
617
620
636
645
648
649
656
657
659
660
674
676
686
690
703
705
708
709
712
721
722
725
731
739
741
745
752
759
763
767
768
771
775
790
791
792
806
807
809
810
814
820
823
825
830
831
839
840
849
857
865
869
875
881
894
898
906
911
916
931
939
940
941
944
949
951
955
957
979
986
996
1001
1003
1005
1008
1014
1016
1021
1025
1028
1032
1033
1034
1037
1038
1040
1045
1053
1055
1058
1065
1066
1068
1070
1079
1090
1100
1104
1110
1112
1121
1124
1127
1136
1139
1140
1143
1149
1156
1173
1175
1178
1179
1184
1190
1200
1203
1208
1226
1230
1231
1233
1235
1242
1247
1250
1253
1261
1270
1274
1278
1281
1284
1288
1290
1294
1297
1303
1307
1313
1317
1320
1328
1329
1330
1333
1334
1335
1345
1353
1368
1371
1377
1379
1380
1396
1397
1400
1410
1426
1432
1439
1449
1455
1457
1458
1462
1466
1467
1474
1479
1488
1490
1492
1494
1497
1500
1502
1505
1507
1511
1512
1516
1517
1520
1524
1526
1528
1529
1537
1542
1552
1557
1561
1566
1569
1570
1592
1601
1607
1609
1615
1616
1617
1630
1645
1647
1653
1659
1663
1669
1674
1676
1678
1679
1684
1692
1700
1710
1713
1719
1723
1729
1730
1738
1742
1746
1751
1755
1761
1762
1766
1770
1771
1773
1777
1781
1786
1789
1794
1795
1796
1809
1813
1814
1823
1826
1827
1829
1830
1832
1835
1849
1850
1873
1881
1886
1888
1899
1906
1910
1912
1914
1917
1923
1928
1932
1940
1945
1952
1954
1963
1970
1972
1976
1977
1979
1981
1986
1998
2001
2006
2007
2010
2012
2029
2030
2033
2036
2037
2038
2041
2043
2044
2053
2059
2068
2071
2072
2073
2077
2079
2080
2084
2086
2089
2095
2100
2103
2104
2112
2114
2118
2129
2130
2135
2136
2139
2143
2145
2146
2148
2152
2157
2160
2170
2173
2174
2183
2186
2195
2207
2208
2210
2215
2218
2220
2235
2237
2238
2244
2245
2248
2253
2258
2260
2268
2276
2279
2286
2297
2299
2301
2303
2304
2306
2307
2310
2311
2317
2318
2323
2333
2338
2341
2344
2347
2349
2350
2352
2353
2358
2360
2362
2364
2371
2373
2375
2381
2394
2395
2407
2409
2410
2417
2418
2425
2435
2436
2437
2441
2446
2453
2466
2470
2480
2503
2506
2512
2514
2515
2526
2527
2531
2534
2535
2538
2540
2541
2545
2546
2552
2554
2556
2560
2561
2570
2579
2583
2586
2590
2592
2593
2601
2602
2605
2607
2611
2615
2620
2624
2626
2639
2640
2644
2649
2653
2657
2671
2674
2684
2689
2691
2694
2696
2699
2707
2711
2715
2729
2735
2743
2760
2764
2766
2767
2771
2780
2792
2796
2809
2812
2818
2820
2832
2834
2848
2854
2858
2860
2866
2871
2873
2879
2882
2885
2888
2895
2899
2902
2904
2908
2912
2926
2928
2930
2931
2937
2943
2951
2956
2958
2974
2979
2982
2989
2993
2997
3008
3009
3012
3013
3022
3024
3026
3032
3034
3056
3067
3068
3071
3072
3081
3084
3085
3099
3102
3112
3114
3116
3122
3124
3128
3129
3137
3139
3149
3152
3154
3157
3162
3171
3172
3179
3181
3182
3186
3195
3197
3199
3203
3206
3209
3213
3221
3225
3228
3231
3233
3236
3240
3246
3249
3251
3255
3257
3260
3262
3280
3288
3298
3310
3317
3326
3327
3328
3341
3349
3350
3351
3352
3357
3362
3363
3368
3369
3373
3376
3382
3384
3389
3391
3395
3397
3405
3407
3419
3420
3423
3429
3439
3445
3447
3448
3485
3487
3496
3505
3517
3524
3525
3530
3537
3539
3541
3543
3546
3554
3571
3575
3576
3589
3591
3604
3607
3609
3618
3624
3625
3629
3635
3645
3646
3664
3669
3681
3694
3699
3703
3708
3715
3726
3735
3739
3747
3752
3754
3756
3768
3773
3779
3781
3782
3789
3800
3803
3806
3819
3824
3825
3827
3828
3829
3834
3844
3853
3862
3864
3871
3875
3879
3883
3884
3885
3890
3892
3895
3898
3903
3927
3932
3934
3935
3936
3947
3958
3965
3980
3987
3993
3995
4009
4015
4020
4028
4032
4044
4045
4047
4048
4052
4060
4064
4073
4079
4087
4095
4099
4107
4112
4113
4114
4121
4123
4129
4130
4134
4140
4143
4146
4149
4167
4174
4177
4178
4185
4188
4195
4200
4201
4207
4208
4211
4225
4233
4237
4243
4245
4248
4269
4277
4287
4289
4292
4297
4298
4299
4303
4321
4341
4357
4365
4383
4388
4394
4398
4402
4405
4408
4410
4411
4417
4424
4425
4427
4430
4435
4436
4437
4438
4441
4442
4444
4445
4446
4457
4458
4463
4468
4470
4474
4475
4480
4482
4487
4489
4494
4500
4503
4504
4506
4508
4514
4515
4518
4523
4529
4539
4544
4547
4568
4572
4578
4580
4585
4594
4614
4615
4616
4624
4626
4632
4635
4639
4646
4649
4656
4658
4661
4664
4668
4669
4673
4686
4688
4691
4696
4701
4704
4714
4715
4719
4721
4722
4726
4733
4734
4736
4744
4745
4747
4748
4750
4766
4767
4770
4775
4776
4777
4782
4787
4798
4802
4805
4807
4811
4815
4819
4822
4825
4827
4831
4840
4842
4843
4854
4858
4860
4861
4863
4864
4869
4871
4872
4880
4888
4892
4896
4903
4907
4912
4914
4917
4923
4930
4946
4947
4950
4969
4971
4978
4989
4991
4996
5001
5023
5027
5032
5033
5041
5042
5043
5050
5052
5055
5061
5072
5074
5076
5085
5096
5101
5103
5111
5112
5140
5147
5148
5155
5158
5159
5166
5179
5181
5184
5187
5190
5200
5202
5213
5230
5234
5243
5246
5248
5250
5256
5268
5272
5274
5290
5298
5299
5304
5307
5309
5310
5312
5313
5317
5320
5333
5339
5347
5351
5352
5353
5355
5364
5373
5376
5378
5379
5380
5392
5393
5394
5396
5408
5410
5436
5439
5450
5452
5457
5460
5470
5472
5480
5489
5491
5498
5499
5500
5502
5505
5516
5525
5529
5530
5537
5538
5540
5544
5573
5579
5584
5590
5593
5595
5601
5602
5616
5617
5621
5629
5637
5640
5642
5649
5659
5662
5663
5681
5684
5686
5690
5696
5702
5718
5725
5733
5734
5741
5751
5759
5780
5785
5790
5791
5793
5794
5797
5799
5801
5803
5804
5813
5814
5817
5824
5827
5835
5837
5842
5851
5854
5855
5859
5866
5867
5870
5876
5877
5878
5879
5885
5889
5891
5894
5912
5913
5915
5917
5918
5922
5936
5938
5949
5952
5955
5961
5963
5968
5970
5972
5988
5991
5994
6007
6011
6013
6018
6023
6026
6027
6029
6033
6034
6038
6045
6048
6051
6052
6063
6068
6072
6074
6076
6080
6089
6091
6109
6110
6113
6115
6116
6120
6122
6131
6132
6135
6139
6145
6150
6166
6169
6172
6185
6188
6203
6204
6205
6206
6212
6223
6225
6227
6234
6237
6254
6256
6281
6284
6297
6304
6312
6326
6327
6331
6337
6342
6354
6356
6369
6373
6378
6381
6386
6387
6391
6392
6394
6398
6408
6412
6420
6427
6431
6437
6445
6446
6462
6464
6466
6469
6470
6485
6486
6496
6501
6503
6520
6523
6526
6534
6541
6543
6546
6571
6583
6589
6596
6598
6601
6615
6627
6631
6647
6648
6649
6660
6663
6670
6673
6680
6681
6682
6694
6700
6702
6706
6710
6727
6737
6738
6743
6746
6763
6766
6768
6775
6777
6782
6792
6794
6809
6817
6821
6836
6839
6849
6854
6868
6879
6888
6895
6897
6904
6911
6918
6919
6924
6931
6936
6940
6945
6957
6962
6965
6968
6969
6985
6986
6989
6991
6993
6994
6999
7012
7018
7022
7027
7034
7038
7039
7041
7042
7049
7066
7076
7080
7087
7100
7111
7116
7120
7124
7131
7132
7135
7138
7139
7145
7154
7155
7156
7166
7170
7171
7175
7177
7178
7187
7188
7196
7198
7200
7202
7208
7210
7211
7217
7222
7225
7230
7237
7238
7242
7243
7245
7247
7250
7258
7259
7270
7274
7284
7287
7293
7318
7319
7320
7321
7322
7327
7328
7333
7337
7338
7356
7361
7370
7376
7377
7380
7386
7387
7391
7412
7415
7422
7425
7426
7429
7430
7440
7447
7450
7451
7452
7460
7464
7469
7480
7484
7495
7501
7504
7505
7519
7521
7524
7537
7538
7540
7553
7555
7559
7568
7572
7581
7591
7602
7617
7622
7626
7630
7633
7636
7639
7651
7652
7658
7660
7673
7682
7695
7702
7707
7710
7718
7724
7735
7740
7747
7754
7757
7759
7763
7782
7786
7799
7800
7810
7820
7821
7827
7830
7833
7834
7836
7844
7846
7865
7873
7876
7879
7882
7888
7893
7897
7908
7917
7918
7927
7928
7933
7936
7945
7953
7954
7957
7958
7961
7963
7971
7974
7986
7992
8001
8002
8004
8012
8014
8030
8036
8037
8038
8040
8046
8049
8052
8057
8060
8061
8063
8065
8067
8070
8093
8095
8096
8101
8103
8106
8107
8108
8113
8114
8128
8130
8138
8139
8140
8141
8143
8144
8149
8160
8161
8165
8167
8186
8189
8192
8202
8210
8213
8214
8222
8229
8232
8233
8234
8237
8241
8242
8252
8253
8255
8265
8274
8275
8288
8301
8306
8309
8316
8326
8327
8339
8342
8348
8350
8351
8355
8368
8371
8374
8375
8378
8384
8385
8392
8401
8405
8409
8417
8420
8426
8431
8449
8455
8457
8460
8466
8469
8475
8476
8481
8485
8488
8492
8493
8494
8496
8505
8514
8517
8523
8526
8531
8534
8551
8561
8575
8585
8586
8591
8595
8606
8608
8612
8621
8622
8624
8626
8632
8634
8635
8646
8650
8653
8657
8658
8667
8669
8672
8684
8691
8705
8707
8710
8711
8712
8718
8721
8727
8728
8734
8747
8753
8760
8762
8764
8765
8766
8774
8775
8778
8781
8786
8788
8799
8800
8801
8804
8806
8818
8819
8820
8821
8827
8830
8844
8846
8848
8849
8865
8868
8871
8873
8875
8881
8896
8906
8909
8911
8913
8919
8922
8928
8938
8943
8948
8953
8961
8971
8972
8976
8986
8989
8996
9016
9021
9028
9038
9039
9042
9047
9056
9070
9077
9081
9082
9090
9095
9105
9110
9114
9116
9123
9124
9126
9129
9132
9133
9138
9141
9151
9155
9157
9159
9162
9165
9171
9172
9173
9193
9199
9203
9224
9226
9233
9239
9240
9247
9248
9253
9257
9259
9262
9264
9272
9276
9281
9282
9286
9291
9295
9298
9312
9313
9316
9330
9333
9336
9350
9352
9373
9374
9380
9382
9385
9398
9404
9417
9422
9424
9428
9434
9435
9436
9446
9449
9453
9458
9462
9470
9471
9472
9473
9484
9493
9501
9504
9511
9521
9523
9530
9532
9535
9538
9539
9541
9543
9545
9548
9551
9552
9553
9554
9555
9561
9562
9585
9587
9588
9591
9592
9594
9602
9612
9613
9614
9617
9620
9629
9642
9654
9658
9662
9665
9667
9670
9676
9680
9681
9686
9690
9693
9696
9697
9702
9714
9719
9725
9755
9757
9764
9773
9783
9785
9786
9788
9790
9793
9794
9795
9804
9809
9813
9816
9819
9825
9826
9833
9843
9845
9847
9848
9851
9855
9857
9858
9871
9872
9878
9883
9885
9890
9894
9904
9913
9914
9933
9936
9940
9949
9950
9954
9959
9967
9974
9990
9994
