3
32
35
38
40
41
47
50
56
58
80
122
132
134
143
157
167
170
172
182
194
195
200
203
212
231
236
239
256
268
270
276
288
293
310
326
329
332
333
343
347
348
352
360
367
374
390
399
419
434
472
479
480
489
493
494
495
509
519
524
525
530
532
535
540
548
552
557
570
577
586
596
602
611
615
634
635
638
642
643
646
651
664
675
677
680
682
689
730
736
738
753
756
777
779
780
795
800
801
803
813
822
824
828
832
846
853
855
858
859
863
868
882
893
900
902
903
905
907
912
928
929
933
937
943
948
961
962
967
981
984
985
987
989
990
993
1015
1023
1035
1041
1059
1061
1062
1073
1080
1087
1107
1108
1115
1117
1122
1125
1141
1154
1155
1159
1160
1185
1188
1191
1192
1195
1198
1202
1218
1221
1234
1238
1240
1244
1248
1249
1255
1262
1266
1276
1310
1323
1327
1342
1343
1347
1357
1358
1362
1370
1373
1382
1384
1395
1401
1409
1416
1419
1421
1424
1427
1430
1445
1464
1468
1473
1482
1483
1485
1498
1504
1506
1515
1533
1534
1535
1547
1572
1575
1580
1585
1591
1600
1603
1611
1612
1614
1623
1625
1629
1633
1635
1641
1651
1652
1654
1657
1658
1660
1666
1690
1695
1696
1701
1707
1715
1717
1718
1735
1743
1756
1760
1767
1768
1772
1778
1780
1802
1815
1820
1847
1848
1855
1883
1890
1892
1896
1902
1921
1922
1925
1929
1930
1933
1943
1947
1957
1965
1969
1980
1983
1995
1997
2004
2008
2013
2024
2035
2048
2090
2096
2102
2107
2115
2128
2142
2147
2153
2163
2165
2169
2179
2182
2192
2194
2197
2201
2213
2217
2234
2280
2281
2282
2288
2289
2293
2314
2321
2326
2327
2329
2334
2339
2348
2356
2359
2361
2368
2372
2378
2380
2382
2389
2391
2397
2398
2399
2403
2404
2405
2408
2412
2426
2448
2449
2451
2460
2461
2475
2482
2492
2499
2500
2502
2507
2510
2511
2516
2519
2523
2528
2529
2530
2553
2562
2578
2580
2587
2588
2589
2598
2606
2608
2609
2610
2614
2625
2631
2642
2648
2650
2651
2658
2662
2675
2676
2682
2683
2690
2700
2702
2714
2719
2726
2731
2732
2750
2754
2755
2783
2784
2788
2790
2798
2799
2816
2828
2831
2840
2842
2847
2869
2876
2878
2890
2894
2897
2905
2906
2910
2913
2917
2924
2932
2938
2942
2944
2950
2952
2955
2959
2960
2977
2986
2988
3011
3015
3023
3025
3028
3031
3039
3041
3042
3043
3045
3046
3049
3052
3058
3060
3069
3073
3082
3083
3087
3090
3091
3095
3096
3107
3121
3132
3133
3136
3138
3153
3161
3165
3175
3176
3178
3194
3196
3200
3205
3208
3210
3227
3229
3230
3272
3277
3279
3283
3300
3301
3319
3322
3323
3324
3332
3338
3354
3355
3356
3371
3377
3387
3388
3390
3393
3399
3400
3409
3413
3414
3416
3426
3428
3430
3432
3433
3440
3444
3446
3460
3465
3467
3468
3469
3471
3490
3491
3494
3502
3503
3512
3514
3550
3553
3558
3560
3563
3564
3567
3574
3578
3584
3587
3588
3594
3595
3596
3602
3605
3611
3613
3639
3641
3644
3647
3653
3657
3663
3675
3678
3680
3690
3695
3698
3700
3705
3710
3727
3730
3746
3764
3770
3771
3774
3775
3783
3784
3786
3799
3807
3808
3810
3812
3813
3814
3840
3848
3854
3857
3858
3860
3870
3893
3908
3909
3913
3915
3920
3939
3941
3949
3952
3954
3967
3971
3979
3984
3992
3997
4003
4019
4025
4030
4033
4043
4046
4063
4066
4067
4080
4085
4088
4092
4096
4124
4127
4148
4155
4157
4163
4186
4193
4202
4203
4205
4214
4220
4227
4231
4239
4253
4257
4258
4259
4261
4262
4266
4267
4274
4275
4276
4286
4288
4291
4293
4306
4308
4311
4314
4322
4329
4334
4336
4337
4340
4343
4344
4354
4355
4358
4360
4366
4367
4376
4377
4378
4379
4380
4385
4391
4399
4416
4418
4439
4461
4465
4481
4528
4531
4535
4546
4548
4553
4556
4560
4561
4567
4573
4574
4583
4586
4601
4605
4612
4618
4631
4637
4645
4647
4655
4672
4675
4678
4689
4717
4725
4729
4752
4756
4758
4759
4761
4764
4774
4781
4788
4789
4809
4829
4833
4834
4846
4868
4878
4887
4890
4891
4895
4905
4911
4926
4931
4935
4936
4954
4955
4957
4962
4966
4973
4975
4980
4983
4995
4999
5004
5010
5016
5019
5030
5034
5037
5038
5045
5054
5060
5064
5068
5070
5071
5075
5081
5083
5139
5142
5144
5145
5151
5154
5170
5175
5178
5186
5189
5193
5197
5215
5219
5220
5241
5242
5244
5252
5257
5258
5267
5278
5281
5284
5287
5291
5294
5297
5301
5315
5325
5329
5343
5358
5360
5362
5363
5366
5369
5375
5384
5385
5387
5401
5404
5411
5413
5417
5420
5421
5426
5430
5433
5443
5446
5451
5454
5458
5463
5466
5467
5477
5484
5486
5494
5506
5507
5508
5532
5559
5562
5565
5566
5568
5572
5581
5582
5586
5588
5600
5607
5614
5620
5622
5636
5652
5665
5669
5675
5683
5697
5701
5704
5706
5716
5720
5740
5743
5748
5754
5762
5763
5768
5769
5771
5781
5783
5789
5809
5828
5832
5833
5843
5844
5847
5871
5881
5890
5897
5902
5906
5920
5925
5958
5965
5966
5973
5979
5980
5982
5984
5989
5997
6002
6004
6006
6010
6012
6014
6021
6024
6036
6041
6046
6064
6077
6085
6092
6097
6101
6111
6125
6129
6130
6136
6148
6149
6152
6157
6167
6176
6177
6178
6181
6189
6192
6220
6224
6226
6228
6233
6240
6246
6250
6264
6271
6275
6290
6294
6295
6302
6303
6313
6315
6316
6328
6338
6344
6347
6364
6376
6377
6379
6383
6384
6385
6393
6405
6416
6421
6423
6430
6433
6434
6442
6448
6453
6456
6472
6474
6487
6512
6529
6535
6537
6539
6566
6569
6587
6588
6590
6595
6599
6605
6613
6616
6618
6622
6626
6629
6636
6637
6640
6642
6654
6661
6665
6669
6675
6677
6678
6679
6688
6701
6705
6715
6741
6748
6749
6753
6771
6774
6780
6787
6793
6800
6802
6804
6810
6811
6816
6818
6819
6828
6830
6845
6848
6856
6863
6864
6865
6867
6873
6874
6875
6889
6899
6906
6915
6916
6917
6922
6930
6932
6947
6948
6950
6956
6963
6977
6984
6988
7005
7010
7015
7024
7032
7051
7055
7056
7060
7082
7089
7091
7104
7114
7117
7125
7128
7134
7161
7165
7172
7182
7184
7193
7229
7252
7254
7260
7264
7280
7281
7283
7289
7302
7304
7314
7336
7341
7350
7357
7359
7360
7388
7398
7399
7408
7409
7417
7418
7428
7437
7442
7443
7444
7446
7463
7465
7470
7477
7479
7481
7491
7493
7498
7500
7515
7516
7517
7523
7526
7562
7563
7566
7571
7574
7578
7583
7590
7595
7596
7597
7600
7601
7606
7624
7629
7649
7665
7671
7674
7701
7704
7713
7729
7739
7743
7777
7793
7805
7808
7815
7817
7818
7825
7829
7831
7835
7847
7850
7863
7867
7880
7883
7885
7891
7894
7898
7913
7920
7921
7923
7925
7939
7943
7946
7976
7979
7980
7987
7995
8000
8009
8020
8058
8076
8078
8080
8081
8112
8118
8127
8131
8156
8176
8179
8191
8197
8199
8204
8205
8216
8220
8224
8227
8228
8243
8245
8251
8259
8260
8262
8273
8277
8278
8283
8285
8286
8302
8304
8314
8322
8330
8347
8349
8356
8361
8363
8365
8373
8376
8377
8379
8399
8400
8402
8413
8427
8432
8434
8438
8440
8452
8478
8479
8498
8502
8503
8504
8506
8511
8518
8522
8528
8529
8532
8533
8538
8564
8566
8574
8583
8587
8589
8590
8599
8601
8602
8611
8615
8618
8620
8623
8630
8633
8661
8663
8665
8670
8681
8689
8690
8703
8722
8723
8724
8736
8739
8745
8748
8768
8769
8776
8787
8796
8803
8807
8808
8811
8824
8826
8837
8843
8851
8856
8858
8861
8879
8885
8889
8890
8897
8904
8907
8918
8920
8925
8944
8949
8958
8964
8977
8990
8992
8999
9001
9002
9007
9010
9019
9033
9041
9044
9052
9053
9054
9057
9059
9063
9066
9068
9072
9080
9091
9101
9102
9108
9109
9121
9122
9127
9136
9144
9146
9147
9158
9160
9170
9179
9191
9194
9195
9209
9211
9212
9214
9231
9246
9287
9294
9299
9308
9314
9317
9319
9339
9351
9358
9365
9370
9377
9379
9392
9395
9401
9407
9413
9441
9450
9460
9464
9466
9474
9478
9498
9499
9514
9531
9544
9546
9550
9578
9589
9604
9607
9624
9628
9637
9645
9651
9656
9663
9672
9678
9706
9707
9709
9711
9713
9717
9734
9735
9748
9750
9754
9766
9767
9770
9781
9787
9808
9827
9831
9832
9849
9853
9854
9860
9870
9873
9879
9888
9891
9900
9902
9903
9906
9910
9920
9922
9942
9948
9957
9958
9963
9968
9980
9981
