4
7
15
17
18
48
59
67
69
73
77
84
86
89
95
100
108
109
115
123
127
137
146
147
148
151
152
163
164
169
171
173
175
177
183
184
188
196
198
204
205
206
213
217
221
226
238
241
246
260
262
264
273
279
282
291
292
297
305
306
307
308
323
328
335
336
344
350
368
377
381
385
387
389
403
406
408
416
422
426
429
442
447
459
463
466
469
470
471
482
499
508
513
527
529
533
538
541
542
543
545
546
550
561
572
573
575
587
597
599
603
621
625
629
630
631
632
661
663
666
669
679
683
692
693
694
699
700
701
713
714
718
724
727
734
746
757
761
785
786
796
797
802
816
826
829
844
847
856
860
870
876
878
884
890
892
899
910
921
922
923
926
927
930
934
963
965
968
969
973
977
983
997
998
1002
1011
1020
1024
1031
1043
1051
1052
1057
1060
1064
1067
1071
1075
1082
1089
1091
1092
1095
1096
1102
1116
1118
1123
1128
1129
1131
1132
1133
1137
1142
1144
1147
1161
1163
1169
1170
1172
1180
1182
1183
1189
1204
1205
1206
1207
1209
1213
1220
1232
1239
1245
1251
1260
1277
1283
1286
1291
1298
1299
1300
1304
1308
1309
1316
1321
1324
1332
1355
1389
1402
1405
1408
1411
1412
1413
1418
1425
1428
1434
1437
1442
1443
1444
1447
1450
1452
1453
1460
1475
1477
1487
1489
1496
1514
1519
1532
1538
1540
1543
1550
1551
1553
1556
1560
1562
1563
1574
1579
1581
1584
1588
1593
1594
1598
1602
1604
1618
1622
1639
1644
1646
1649
1650
1656
1665
1667
1671
1673
1675
1687
1691
1697
1708
1721
1722
1724
1731
1745
1748
1752
1759
1765
1783
1788
1804
1805
1806
1807
1810
1816
1818
1828
1834
1836
1841
1843
1844
1869
1870
1872
1879
1887
1897
1903
1915
1916
1919
1920
1926
1939
1942
1949
1960
1964
1975
1991
1999
2000
2003
2011
2015
2016
2032
2040
2057
2070
2074
2087
2094
2119
2123
2140
2150
2159
2162
2175
2189
2202
2204
2206
2214
2219
2221
2222
2224
2225
2228
2236
2246
2247
2257
2259
2265
2272
2277
2278
2283
2284
2287
2290
2309
2312
2313
2316
2332
2345
2363
2369
2374
2377
2420
2423
2424
2432
2438
2444
2450
2457
2464
2468
2473
2477
2479
2494
2501
2505
2509
2524
2525
2532
2547
2558
2564
2565
2566
2568
2571
2572
2576
2581
2599
2603
2612
2623
2628
2633
2659
2664
2668
2672
2677
2693
2695
2698
2706
2718
2720
2723
2733
2737
2738
2739
2740
2741
2746
2748
2757
2768
2772
2773
2774
2776
2778
2781
2803
2811
2813
2814
2822
2823
2826
2839
2844
2846
2850
2852
2853
2865
2870
2874
2875
2877
2893
2898
2920
2927
2929
2947
2949
2953
2965
2968
2972
2973
2976
2978
2987
2991
2992
3000
3005
3014
3016
3018
3020
3029
3033
3035
3044
3050
3053
3063
3065
3066
3077
3078
3086
3093
3094
3098
3105
3109
3110
3113
3115
3118
3126
3134
3135
3143
3150
3163
3164
3168
3169
3173
3183
3184
3189
3191
3198
3211
3214
3218
3222
3232
3241
3242
3247
3252
3261
3271
3274
3282
3285
3289
3291
3294
3295
3302
3320
3321
3337
3340
3345
3346
3360
3375
3378
3379
3386
3394
3402
3411
3412
3424
3425
3427
3435
3438
3442
3461
3463
3464
3470
3473
3479
3481
3482
3489
3498
3506
3507
3509
3518
3526
3544
3545
3548
3556
3566
3570
3577
3581
3583
3585
3586
3597
3599
3608
3610
3616
3620
3621
3627
3652
3655
3656
3661
3667
3668
3671
3672
3674
3679
3687
3696
3701
3713
3716
3718
3724
3729
3734
3736
3742
3751
3753
3772
3777
3788
3790
3793
3798
3802
3818
3820
3821
3830
3835
3836
3838
3841
3843
3852
3866
3872
3873
3880
3886
3894
3896
3897
3899
3904
3911
3912
3914
3916
3937
3944
3953
3962
3963
3974
3976
3981
3985
3989
3994
4004
4006
4010
4011
4021
4022
4031
4038
4040
4041
4050
4054
4056
4058
4075
4084
4090
4093
4097
4098
4100
4116
4119
4120
4122
4128
4133
4136
4142
4145
4147
4159
4161
4165
4172
4187
4212
4213
4216
4224
4230
4235
4246
4249
4250
4256
4264
4265
4268
4281
4284
4290
4294
4295
4304
4307
4309
4310
4312
4315
4323
4330
4331
4332
4333
4339
4342
4349
4350
4362
4363
4364
4368
4370
4373
4382
4387
4392
4393
4409
4412
4413
4419
4422
4426
4451
4453
4464
4467
4469
4476
4479
4484
4492
4495
4498
4510
4533
4541
4545
4551
4557
4562
4563
4564
4566
4576
4584
4591
4593
4598
4599
4602
4608
4610
4619
4622
4629
4630
4636
4638
4642
4648
4652
4653
4660
4671
4682
4695
4706
4707
4708
4711
4712
4723
4730
4738
4743
4746
4754
4760
4769
4772
4780
4790
4808
4821
4828
4837
4838
4841
4844
4850
4856
4862
4873
4876
4882
4883
4885
4893
4898
4906
4913
4915
4916
4918
4920
4925
4927
4942
4958
4981
4987
4998
5007
5011
5012
5015
5018
5020
5021
5031
5036
5044
5057
5058
5065
5069
5073
5080
5089
5091
5092
5095
5102
5105
5109
5110
5114
5115
5116
5119
5121
5123
5128
5130
5132
5133
5134
5141
5143
5153
5160
5162
5163
5171
5191
5194
5195
5198
5201
5204
5205
5207
5209
5211
5216
5222
5223
5229
5235
5239
5247
5251
5253
5255
5259
5263
5266
5273
5282
5289
5318
5319
5321
5330
5332
5336
5338
5341
5365
5372
5374
5381
5382
5383
5389
5391
5395
5397
5400
5407
5415
5416
5425
5432
5438
5440
5442
5455
5462
5464
5469
5476
5478
5487
5488
5493
5496
5509
5514
5515
5518
5522
5533
5535
5539
5541
5543
5545
5550
5551
5555
5569
5571
5587
5592
5604
5606
5609
5623
5628
5630
5643
5660
5666
5667
5671
5685
5688
5689
5691
5695
5700
5703
5711
5712
5715
5721
5728
5729
5730
5735
5737
5744
5746
5753
5757
5760
5773
5774
5776
5786
5788
5792
5802
5805
5815
5816
5823
5825
5834
5836
5846
5850
5853
5861
5864
5868
5869
5872
5873
5874
5882
5886
5896
5900
5911
5914
5931
5932
5935
5940
5942
5947
5954
5959
5981
5985
5992
5995
5996
6008
6009
6020
6028
6037
6039
6042
6049
6050
6053
6056
6057
6058
6060
6069
6086
6093
6099
6100
6108
6124
6127
6133
6138
6143
6158
6160
6161
6164
6168
6174
6179
6180
6183
6184
6186
6187
6190
6191
6202
6209
6214
6216
6218
6222
6230
6232
6235
6238
6239
6242
6243
6244
6245
6248
6258
6266
6268
6269
6278
6280
6285
6292
6300
6305
6314
6320
6324
6325
6330
6336
6345
6346
6348
6367
6380
6388
6397
6402
6404
6409
6410
6425
6426
6435
6438
6439
6441
6444
6447
6452
6454
6461
6468
6479
6491
6497
6500
6507
6508
6517
6518
6521
6524
6527
6528
6540
6550
6557
6562
6564
6578
6584
6604
6607
6614
6620
6625
6630
6632
6638
6645
6659
6666
6686
6691
6695
6707
6717
6718
6722
6728
6730
6733
6740
6754
6758
6762
6770
6783
6788
6795
6796
6797
6803
6820
6822
6823
6826
6832
6837
6838
6841
6844
6847
6850
6851
6857
6859
6871
6872
6876
6878
6880
6885
6887
6890
6891
6896
6907
6909
6913
6923
6929
6939
6943
6949
6951
6952
6953
6954
6964
6972
6974
6975
6976
6978
6983
6998
7000
7001
7004
7008
7014
7017
7023
7031
7036
7037
7044
7046
7047
7053
7054
7064
7073
7074
7075
7078
7081
7085
7088
7090
7092
7095
7098
7102
7103
7110
7113
7119
7123
7130
7133
7137
7141
7142
7143
7144
7151
7152
7158
7169
7180
7181
7185
7191
7195
7209
7213
7215
7216
7233
7248
7249
7251
7253
7255
7256
7257
7261
7267
7268
7277
7278
7279
7292
7300
7301
7307
7311
7317
7329
7332
7340
7349
7355
7364
7375
7385
7389
7392
7395
7397
7406
7411
7419
7421
7423
7424
7431
7432
7435
7436
7468
7475
7485
7488
7499
7506
7507
7509
7510
7514
7518
7522
7539
7544
7546
7547
7550
7551
7561
7564
7567
7576
7586
7587
7588
7593
7598
7599
7604
7607
7611
7616
7620
7621
7627
7632
7634
7643
7645
7648
7650
7654
7656
7661
7662
7668
7677
7681
7691
7693
7719
7727
7732
7751
7753
7755
7756
7762
7770
7772
7773
7774
7780
7783
7790
7792
7797
7801
7802
7806
7819
7828
7832
7837
7839
7843
7845
7856
7860
7862
7866
7878
7892
7907
7931
7938
7941
7948
7951
7965
7967
7968
7973
7981
7982
7988
7997
8005
8026
8029
8034
8044
8056
8064
8068
8073
8077
8085
8086
8090
8092
8098
8102
8109
8120
8121
8123
8135
8136
8151
8154
8157
8166
8171
8173
8180
8190
8196
8201
8206
8208
8211
8212
8221
8223
8225
8230
8239
8254
8258
8261
8263
8264
8269
8271
8272
8280
8281
8282
8287
8293
8294
8295
8299
8303
8310
8311
8318
8323
8325
8329
8334
8336
8341
8352
8354
8359
8360
8372
8381
8388
8390
8391
8397
8410
8412
8414
8415
8416
8421
8423
8425
8429
8430
8433
8441
8444
8446
8456
8458
8461
8467
8471
8483
8497
8500
8501
8507
8508
8509
8510
8513
8521
8540
8543
8546
8547
8554
8555
8558
8559
8567
8568
8569
8581
8584
8593
8596
8600
8604
8613
8614
8616
8625
8636
8637
8638
8639
8645
8654
8662
8673
8682
8685
8696
8699
8717
8725
8741
8746
8750
8763
8767
8770
8779
8783
8791
8794
8797
8810
8823
8825
8829
8831
8834
8835
8836
8838
8845
8850
8855
8860
8862
8866
8869
8876
8878
8884
8888
8894
8901
8902
8905
8915
8916
8917
8921
8926
8927
8929
8932
8941
8955
8957
8960
8969
8970
8974
8979
8981
8991
8997
9000
9003
9015
9017
9018
9022
9023
9024
9025
9026
9029
9034
9035
9036
9037
9048
9051
9058
9060
9062
9065
9067
9079
9084
9094
9117
9130
9134
9149
9166
9167
9187
9189
9200
9201
9202
9204
9217
9218
9227
9235
9237
9244
9245
9249
9261
9263
9268
9269
9285
9289
9297
9300
9302
9320
9321
9328
9332
9344
9345
9349
9361
9362
9372
9375
9383
9384
9386
9393
9397
9399
9400
9402
9409
9410
9416
9419
9431
9443
9487
9491
9496
9497
9506
9509
9518
9525
9526
9529
9540
9556
9560
9569
9579
9582
9584
9595
9599
9601
9611
9618
9622
9630
9631
9635
9641
9643
9647
9655
9659
9660
9666
9671
9677
9682
9685
9687
9688
9700
9704
9708
9720
9738
9739
9746
9761
9763
9768
9778
9797
9806
9807
9811
9814
9815
9817
9820
9821
9830
9838
9841
9842
9846
9856
9859
9864
9865
9866
9880
9884
9887
9889
9896
9905
9909
9912
9918
9924
9925
9926
9929
9938
9939
9943
9947
9952
9953
9955
9956
9965
9971
9977
9979
9982
9986
9987
