10
13
19
20
31
42
46
63
83
90
93
94
114
120
130
179
190
193
227
229
233
247
254
263
277
280
283
284
295
309
318
338
351
362
370
371
378
388
395
410
413
421
437
446
458
461
504
511
517
518
528
536
537
547
566
568
584
595
607
619
624
633
654
665
667
668
670
704
720
729
735
742
750
774
821
833
866
874
885
915
917
918
924
925
952
975
994
1007
1009
1017
1019
1022
1056
1093
1094
1103
1119
1126
1145
1148
1152
1164
1166
1194
1197
1199
1224
1258
1269
1272
1287
1293
1295
1306
1311
1325
1346
1350
1354
1356
1399
1403
1420
1422
1433
1459
1549
1564
1577
1595
1613
1627
1648
1668
1698
1702
1703
1764
1769
1784
1798
1803
1808
1822
1825
1837
1846
1853
1856
1859
1862
1871
1874
1935
1937
1950
1956
1958
1989
1996
2014
2021
2023
2027
2046
2052
2054
2081
2108
2110
2125
2127
2132
2154
2166
2190
2191
2199
2209
2229
2274
2285
2305
2328
2335
2340
2370
2390
2392
2393
2400
2427
2430
2433
2434
2442
2469
2478
2485
2486
2495
2539
2542
2548
2549
2555
2582
2584
2585
2613
2617
2627
2635
2637
2638
2643
2645
2652
2654
2655
2669
2678
2685
2703
2705
2710
2712
2728
2747
2756
2793
2797
2800
2824
2837
2851
2855
2859
2862
2864
2868
2889
2903
2916
2921
2936
2957
2961
2963
2969
3001
3019
3047
3074
3080
3111
3131
3166
3226
3243
3244
3265
3281
3306
3308
3313
3330
3342
3364
3366
3372
3374
3380
3383
3404
3417
3418
3449
3457
3474
3501
3508
3515
3528
3531
3551
3561
3590
3592
3619
3637
3640
3650
3659
3660
3673
3685
3691
3697
3728
3733
3737
3745
3748
3749
3767
3776
3778
3787
3805
3816
3842
3867
3876
3878
3887
3888
3891
3905
3931
3951
3964
3970
3977
3978
3990
3991
4002
4018
4026
4039
4065
4072
4078
4110
4131
4138
4180
4189
4190
4196
4226
4228
4240
4260
4270
4301
4319
4328
4345
4397
4404
4429
4431
4432
4433
4434
4449
4462
4471
4496
4505
4513
4517
4520
4526
4542
4550
4558
4559
4603
4623
4628
4654
4670
4677
4679
4687
4694
4697
4698
4703
4709
4710
4716
4739
4742
4749
4755
4762
4768
4785
4786
4791
4792
4810
4812
4818
4835
4839
4866
4877
4881
4889
4904
4933
4937
4938
4944
4951
4961
4967
4982
5009
5029
5039
5046
5051
5066
5077
5099
5104
5117
5126
5131
5183
5188
5203
5214
5218
5221
5225
5226
5227
5231
5236
5237
5238
5275
5276
5288
5306
5322
5323
5335
5344
5348
5361
5371
5403
5405
5424
5447
5449
5479
5483
5504
5511
5521
5536
5554
5561
5580
5594
5596
5603
5610
5635
5648
5658
5674
5679
5682
5694
5707
5739
5756
5772
5782
5784
5798
5811
5820
5821
5862
5875
5880
5898
5899
5916
5923
5929
5951
5956
5976
6000
6001
6016
6035
6043
6044
6047
6055
6059
6061
6082
6087
6096
6119
6173
6195
6208
6221
6253
6257
6262
6265
6267
6272
6276
6283
6291
6301
6308
6309
6322
6355
6357
6368
6370
6401
6403
6407
6451
6459
6476
6478
6493
6504
6505
6506
6509
6511
6516
6538
6547
6551
6554
6560
6567
6570
6592
6610
6611
6639
6644
6672
6697
6698
6709
6713
6714
6720
6744
6759
6769
6789
6808
6858
6862
6869
6881
6920
6942
6944
6959
6979
6996
7002
7011
7033
7035
7086
7127
7168
7176
7179
7183
7218
7219
7224
7226
7239
7263
7286
7294
7296
7312
7330
7334
7363
7366
7378
7404
7410
7439
7441
7473
7474
7512
7513
7525
7565
7575
7580
7585
7589
7592
7615
7631
7635
7638
7641
7667
7676
7688
7690
7692
7703
7730
7748
7749
7752
7758
7767
7794
7796
7798
7803
7811
7826
7848
7859
7864
7868
7869
7871
7881
7887
7900
7909
7916
7919
7972
7977
7990
8013
8039
8071
8084
8094
8100
8104
8110
8148
8150
8153
8159
8169
8244
8247
8284
8292
8308
8313
8324
8337
8345
8346
8364
8395
8398
8408
8435
8453
8473
8480
8482
8524
8539
8552
8562
8570
8571
8579
8580
8607
8617
8640
8642
8643
8648
8688
8697
8700
8719
8731
8732
8743
8757
8771
8792
8793
8805
8813
8816
8822
8839
8840
8842
8857
8895
8898
8914
8923
8931
8936
8942
8952
8954
8959
8966
8973
9013
9031
9043
9046
9064
9096
9098
9103
9118
9120
9148
9169
9175
9177
9180
9182
9206
9213
9230
9238
9250
9251
9260
9275
9310
9325
9327
9329
9337
9342
9346
9354
9367
9368
9426
9488
9500
9507
9516
9533
9564
9572
9581
9583
9586
9626
9638
9644
9661
9673
9675
9712
9718
9727
9740
9742
9749
9756
9758
9762
9779
9789
9800
9803
9810
9812
9828
9836
9850
9869
9886
9915
9935
9945
9972
9996
9998
9999
