28
37
55
65
82
105
125
187
269
274
294
349
364
394
397
407
433
467
478
553
574
600
606
608
612
644
672
711
719
726
748
749
782
834
836
841
852
867
877
914
938
945
953
956
960
1012
1047
1049
1050
1063
1078
1083
1097
1101
1158
1229
1237
1246
1256
1265
1285
1296
1318
1344
1351
1364
1365
1374
1381
1454
1480
1508
1509
1518
1525
1531
1596
1605
1634
1640
1732
1734
1737
1747
1782
1787
1801
1811
1852
1857
1866
1868
1884
1907
1934
1951
1966
1971
1974
2017
2045
2050
2051
2061
2138
2151
2161
2176
2198
2212
2231
2264
2275
2300
2308
2331
2376
2384
2419
2429
2445
2459
2471
2483
2491
2493
2498
2522
2557
2622
2629
2656
2663
2692
2725
2765
2782
2806
2807
2833
2845
2901
2922
2939
2940
2970
3040
3054
3106
3119
3151
3174
3216
3254
3258
3266
3305
3312
3314
3331
3335
3344
3353
3365
3392
3421
3431
3434
3458
3475
3476
3486
3488
3522
3533
3562
3579
3582
3631
3643
3648
3714
3741
3758
3763
3792
3794
3795
3809
3859
3861
3865
3906
3918
3919
3926
3950
3968
3969
3982
4037
4053
4055
4057
4061
4062
4069
4125
4166
4169
4176
4179
4191
4209
4221
4223
4234
4255
4272
4300
4320
4325
4369
4389
4395
4454
4485
4486
4536
4571
4577
4596
4613
4625
4705
4728
4732
4751
4757
4784
4801
4845
4865
4867
4894
4924
4963
5006
5022
5025
5078
5097
5118
5149
5168
5261
5314
5340
5342
5368
5370
5409
5434
5437
5453
5465
5475
5492
5510
5523
5549
5558
5567
5613
5625
5644
5664
5692
5726
5806
5807
5829
5840
5849
5901
5930
5944
5950
5957
5977
6025
6032
6075
6088
6094
6126
6151
6155
6159
6171
6236
6249
6259
6261
6274
6277
6287
6333
6340
6363
6374
6389
6530
6572
6574
6600
6619
6656
6708
6773
6781
6790
6812
6813
6825
6831
6833
6835
6846
6901
6928
6982
6995
6997
7020
7029
7062
7070
7097
7109
7147
7157
7199
7203
7214
7232
7262
7271
7290
7325
7347
7400
7445
7461
7472
7487
7520
7533
7545
7560
7610
7613
7637
7664
7716
7737
7750
7789
7795
7804
7851
7904
7905
7947
7975
7984
8006
8007
8011
8023
8027
8043
8045
8055
8069
8072
8088
8089
8134
8174
8177
8195
8226
8231
8235
8266
8279
8305
8307
8335
8340
8343
8370
8424
8428
8443
8447
8454
8462
8463
8495
8519
8527
8536
8557
8629
8644
8655
8656
8659
8675
8701
8713
8714
8737
8789
8798
8854
8867
8870
8893
8908
8935
8963
8968
9006
9008
9069
9100
9111
9140
9181
9183
9197
9198
9210
9252
9273
9274
9277
9279
9293
9307
9318
9338
9366
9406
9415
9418
9438
9463
9468
9483
9489
9503
9542
9549
9559
9568
9576
9580
9600
9606
9683
9689
9695
9731
9751
9774
9802
9829
9834
9839
9881
9893
9901
9907
9911
9917
9930
9931
9937
9969
9992
