8
51
118
142
178
210
255
289
316
330
353
354
363
372
379
401
435
565
627
637
639
647
691
695
728
737
740
776
784
811
838
861
888
891
895
913
1044
1048
1114
1210
1217
1243
1271
1302
1315
1326
1372
1391
1415
1495
1541
1555
1565
1567
1624
1643
1681
1704
1775
1792
1851
1875
1876
1948
1959
1967
1985
2020
2026
2034
2078
2099
2131
2168
2295
2320
2365
2383
2402
2406
2440
2454
2533
2563
2574
2636
2641
2680
2697
2709
2713
2730
2789
2819
2821
2863
2954
2964
2981
2985
2990
2995
3003
3089
3101
3104
3147
3158
3160
3185
3207
3263
3290
3296
3297
3315
3339
3381
3398
3410
3422
3452
3500
3504
3523
3527
3600
3614
3634
3654
3688
3755
3796
3831
3849
3863
3868
3910
3921
3923
3983
4102
4105
4111
4160
4168
4198
4282
4296
4317
4326
4381
4401
4473
4497
4499
4521
4579
4595
4617
4674
4685
4713
4908
4910
4922
4932
4990
5013
5014
5107
5212
5224
5286
5292
5308
5367
5402
5406
5444
5501
5513
5570
5577
5591
5605
5618
5668
5676
5698
5705
5719
5752
5778
5795
5800
5830
5865
5927
5987
6019
6065
6066
6079
6104
6200
6207
6213
6247
6255
6286
6306
6311
6318
6319
6339
6366
6371
6411
6417
6475
6510
6515
6576
6585
6602
6612
6657
6723
6784
6801
6806
6815
6842
6855
6903
6938
7013
7016
7040
7045
7083
7149
7164
7167
7207
7235
7236
7285
7309
7339
7365
7369
7374
7384
7390
7459
7482
7503
7548
7573
7608
7670
7680
7687
7722
7723
7814
7896
7902
7924
7926
7929
7959
8137
8183
8200
8215
8217
8321
8393
8490
8582
8677
8683
8692
8698
8702
8715
8720
8738
8742
8773
8780
8790
8880
8887
8967
8983
9009
9027
9073
9093
9097
9112
9154
9178
9222
9267
9303
9331
9355
9403
9408
9440
9451
9465
9469
9485
9494
9512
9563
9608
9664
9694
9699
9721
9724
9726
9737
9743
9744
9753
9771
9899
9916
9973
