1
43
72
145
392
492
534
563
564
582
588
662
688
717
754
755
772
788
817
851
872
886
901
988
995
1109
1216
1259
1267
1338
1339
1341
1349
1359
1361
1378
1404
1406
1451
1546
1589
1620
1683
1706
1709
1785
1812
1885
1936
1978
2062
2092
2167
2193
2343
2387
2481
2619
2673
2688
2736
2758
2787
2867
2900
2911
2948
3057
3130
3204
3253
3311
3396
3436
3689
3738
3762
3933
4103
4108
4135
4158
4175
4204
4324
4490
4532
4587
4588
4627
4633
4681
4720
4847
4909
5017
5026
5113
5136
5173
5199
5228
5300
5302
5429
5441
5474
5524
5527
5563
5576
5677
5693
5761
5779
5838
5863
5909
5910
5924
5928
5986
5993
5999
6106
6153
6273
6332
6334
6372
6375
6395
6481
6502
6624
6693
6734
6779
6852
6877
6898
6910
6933
7007
7108
7112
7118
7231
7246
7288
7303
7313
7353
7368
7405
7449
7456
7483
7497
7534
7653
7694
7785
7930
7970
7989
8083
8119
8122
8126
8203
8298
8332
8382
8386
8404
8578
8594
8627
8706
8785
8934
9113
9174
9176
9190
9242
9266
9288
9347
9363
9439
9442
9596
9597
9616
9703
9772
9782
9791
9801
9867
9874
9876
9919
9946
9961
