16
71
98
102
149
154
162
199
216
220
223
225
321
337
357
380
404
412
443
496
507
510
569
614
650
653
655
658
673
684
744
770
778
783
794
805
808
854
871
950
1046
1069
1077
1098
1171
1241
1305
1375
1398
1448
1486
1523
1694
1727
1776
1797
1799
1819
1891
1894
1913
1982
1993
2031
2056
2075
2076
2093
2098
2105
2109
2133
2164
2185
2216
2232
2255
2337
2351
2385
2452
2520
2708
2753
2763
2769
2907
2941
2962
3017
3037
3059
3146
3190
3193
3217
3237
3278
3307
3343
3443
3455
3456
3462
3466
3552
3580
3603
3711
3712
3719
3725
3750
3757
3780
3823
3874
3929
3946
3956
3957
3999
4035
4081
4094
4115
4117
4164
4171
4192
4244
4305
4316
4375
4455
4524
4527
4530
4538
4552
4589
4606
4607
4634
4667
4724
4771
4778
4795
4806
4870
4875
4900
4902
4919
4928
4943
4972
4984
4997
5024
5048
5049
5063
5082
5137
5156
5167
5176
5185
5283
5316
5356
5377
5482
5485
5503
5528
5531
5624
5647
5670
5672
5745
5767
5770
5808
5812
5819
5926
5937
5953
6071
6103
6112
6140
6199
6279
6288
6317
6349
6353
6382
6396
6424
6428
6488
6490
6581
6597
6643
6712
6721
6724
6732
6767
6772
6786
6807
6853
6882
6902
6937
6987
7059
7084
7105
7194
7306
7310
7358
7371
7373
7381
7420
7448
7471
7528
7569
7605
7642
7686
7705
7709
7711
7714
7778
7838
7855
7858
7877
7889
7950
7956
7969
8042
8051
8075
8082
8111
8155
8181
8184
8240
8250
8270
8319
8331
8362
8389
8437
8459
8468
8477
8489
8597
8641
8695
8709
8759
8784
8815
8832
8833
8847
8874
8891
8945
8956
9032
9085
9139
9156
9164
9186
9234
9243
9304
9359
9425
9508
9519
9558
9668
9679
9710
9732
9752
9777
9805
9868
9877
9975
9991
